0,1,2,3,4,5,6,7,8,9,10,11,12,13,14,15,16,17,18,19,20,21,22,23,24,25,26,27,28,29,30,31,32,33,34,35,36,37,38,39,40,41,42,43,44,45,46,47,48,49,50,51,52,53,54,55,56,57,58,59,60,61,62,63,64,65,66,67,68,69,70,71,72
0.0,2449.304379460706,1221.4483049086725,3854.228007791515,2484.604265509451,4596.53022571356,3701.90956308558,5459.080125996493,6307.055566438048,5211.932324938839,7131.036813870817,6296.5301861099915,8121.267240923908,7553.758366031544,8893.140829984693,8629.275674897506,9179.478524573145,9744.21056523176,10095.595080065961,11695.633866456388,10633.024759237816,10449.015105602917,10589.238299713463,11052.509660626754,9070.839392324666,9730.975427958887,7790.44622311192,6502.827364528243,10570.570029019054,11396.706709001437,4740.579489777757,9012.199131690153,6372.339153241174,3051.640051975322,12610.395216515317,4067.725008793947,8199.443915526905,13643.28586562998,10147.01715699741,14612.678072379025,12197.373506622018,6853.038971432765,9182.499555634895,15633.368954878137,12033.698017408433,16507.28180840887,9182.991163690453,14318.09925676402,17501.437819296636,8200.46297097001,12051.66815577166,9012.133983260293,18432.213789764544,15303.695871699498,19278.88692156143,10566.144761572174,11775.46867532815,13829.425088337337,16163.292926068576,18934.30884856175,12758.45454010239,15925.476522417559,18592.155730276587,13413.932945369073,16123.337304600293,14166.685819472415,18220.58966747637,14199.160966835578,17228.533790557485,16052.806021027944,8511.816014297405,15131.862242079875,26041.392285276695
2449.304379460706,0.0,1891.8854290393447,1406.135739236501,2228.8891408175905,2317.252426485199,3289.2058290441682,3333.542703455036,4381.9140475506965,4781.948231983887,5319.3660825133165,5867.023442220728,6343.737894716452,6907.907177105675,7297.722020229182,8475.024956878673,8398.017833501193,8306.574092156125,10264.315698397022,12161.768649868594,9346.797134317698,9558.854468158435,10148.20592010655,11074.21700570419,11519.969446387742,12175.925868458624,10239.612087792493,8952.0040165802,12995.222308021832,13791.402146277498,7189.69666551961,11435.740806446476,8795.081327814403,5500.880481350685,14958.226884917023,6494.945256438375,10554.61800707859,15951.990674712277,12467.614640014357,16877.905313052575,14453.26468469147,9060.263118387094,11379.373448343242,17843.072760714083,14179.804953247096,18667.662636768346,11252.160473270998,16444.523366658992,19614.103066306205,10114.686225695785,14051.75667009666,10855.737488406767,20498.269147588762,17318.801872419317,21304.951346601723,12357.308843328152,13534.306204692704,15674.892916625133,18058.596045731894,20875.57831753154,14437.87352243206,17704.62372541045,20412.510775992214,14980.177267565712,17789.264023269385,15672.728920230076,19916.50206553387,15573.777905405672,18810.259733983632,17492.72441408474,10955.296890024736,16592.992504720838,23619.12876520457
1221.4483049086725,1891.8854290393447,0.0,3171.3029384907886,1270.6489769476814,3652.2273763327244,2516.7370785763787,4400.697145090412,5163.403856867777,4059.940366665121,5953.227411676333,5161.1728520188635,6931.307153573445,6390.866168038848,7679.743551060396,7584.55503278705,8004.600047025253,8523.063008298635,9161.894417333528,10881.94177296526,9413.922926362015,9263.527124914193,9484.971659627128,10076.027007187919,9923.874427077388,10511.49182000913,8648.688301803404,7369.375021454249,11262.163553262317,12009.211676483985,5627.502249575406,9705.593089963037,7077.530224025598,3966.4509617427934,13131.318211237902,4813.4020709072765,8743.514571382531,14101.3840798346,10628.306361136825,15009.559098366446,12584.123788372697,7186.946108614444,9499.405961622953,15960.725716179137,12290.74686649668,16778.584840308584,9360.331390353189,14553.560148062901,17722.378995202173,8230.938607102169,12162.898785634894,8983.287675096093,18606.965120339424,15429.869695462767,19415.999330166826,10497.525010135758,11683.650864784786,13808.467902995124,16184.913810664055,18995.968298438533,12608.835430281051,15854.283619639356,18554.819701042492,13185.890673320124,15968.736511435876,13899.88090714016,18089.589287615352,13849.090080592568,17016.759575120293,15746.837279243717,9287.92000801731,14837.770196202466,25133.208743195773
3854.228007791515,1406.135739236501,3171.3029384907886,0.0,3065.984561025345,1256.334306807788,3756.1562802808266,2346.72493165955,3514.1413689326537,5012.139180174152,4492.102526952385,5998.708405646029,5495.484628962783,6839.173074400754,6555.510323292761,8630.933408765042,8176.81323773412,7647.075010902466,10548.259073716912,12569.608871061613,8764.141444768065,9231.621920146888,10083.454243436512,11257.003737055751,12925.025695740274,13575.064339757551,11644.614514219551,10356.995810841816,14380.827788898963,15159.65651157908,8594.792372368101,12821.438798351022,10182.171750587464,6905.794462247168,16300.34411688052,7886.620044519559,11906.538122344456,17272.358038323502,13799.231570804357,18174.228322466905,15748.809705129008,10351.000976833817,12654.784725071031,19108.828265473432,15421.27110219226,19906.148141748326,12468.95625641309,17669.970974750984,20825.776613895017,11269.18157628395,15221.777235179601,11971.337952425643,21683.658307218782,18484.91626108541,22467.578961439438,13435.833446736999,14588.76384463194,16760.670521339824,19160.694465504894,21994.0728842345,15447.034186252986,18747.95003870824,21468.27957751271,15928.79406394797,18773.626822929727,16586.089747252383,20908.217806000823,16420.2547073526,19746.22586500429,18360.914808250014,12353.49938264677,17477.43866592385,22221.09051776971
2484.604265509451,2228.8891408175905,1270.6489769476814,3065.984561025345,0.0,3081.725436532401,1271.7416038631,3570.399123869718,4136.725884435786,2837.823169958561,4840.20520140272,3948.4991261314312,5783.248575509883,5146.847012831935,6467.628463014805,6451.276583634813,6749.140069346145,7276.204932124676,8134.792613726438,9969.019393642448,8149.120959939019,8000.754119181004,8285.398412834644,8998.952518484379,10752.696150284568,11261.704688783597,9495.152264272174,8240.035805865531,11915.32207651354,12575.077742764273,6548.114314434651,10376.244003016353,7800.003797048813,4957.826202832841,13593.916307046395,5635.165517777733,9279.023313622789,14491.87123635375,11074.409286432387,15330.408898190139,12913.10889292711,7548.279638298317,9794.7059670466,16203.395044152561,12488.916836043782,16958.23244509926,9515.708557414346,14709.961690460957,17844.62628202019,8257.98497780516,12211.598616165385,8932.486350771174,18676.858922142823,15466.61952837571,19443.130948864917,10379.67809927045,11526.253225265666,13704.210019957067,16108.123150559835,18946.335179522528,12381.104844116378,15682.972807731785,18404.259247082773,12870.710312165382,15709.951998679127,13538.284212796887,17843.97438732595,13400.81670789994,16692.684702600087,15331.991916165132,10045.84584217579,14440.96630935643,24367.535105758983
4596.53022571356,2317.252426485199,3652.2273763327244,1256.334306807788,3081.725436532401,0.0,3329.1048597806093,1092.873199611362,2258.3402596594806,4281.660756950236,3236.644355525704,5151.73058127844,4239.22941894187,5839.604163998565,5303.189782237697,7741.822125183536,7076.76905107981,6403.533482270294,9722.999948612643,11816.609722507284,7532.479367725771,8077.195540417571,9045.702194689473,10356.379441947867,13574.504316154604,14160.998127746076,12298.067810876582,11016.382398057629,14888.802938053856,15597.595407671524,9267.059475746828,13336.393477504476,10718.716937742009,7590.622817633401,16655.018356233068,8465.127336565494,12309.95111726781,17568.059600715682,14137.414642358079,18412.067284190958,15994.265865017682,10622.692697922126,12876.318954431641,19280.831654499347,15562.476747709688,20024.386768709526,12585.986930399438,17772.74669655284,20894.21071425877,11299.242667578997,15245.187198783298,11938.530062654525,21706.145180064363,18487.233555300205,22452.041557330205,13339.902616871295,14452.97540863568,16654.211205113013,19066.5390473963,21914.077722309834,15248.60876890576,18576.610813749427,21303.77689955073,15655.368290754217,18528.83176186179,16269.081679685783,20664.66281900915,16031.78342335007,19441.021742781868,17986.26564013018,12937.705930353774,17124.219108021804,21484.170754966774
3701.90956308558,3289.2058290441682,2516.7370785763787,3756.1562802808266,1271.7416038631,3329.1048597806093,0.0,3418.0799877770837,3611.7603227567442,1568.817261394016,4110.946143401634,2680.563664059766,4952.337895493749,3877.703690706651,5480.238641677854,5220.254726955945,5487.863059138548,6186.198803837822,6975.189319437637,8893.728630642132,6988.229043502512,6749.382908950081,7018.007098944016,7798.0671541675965,11387.320594572588,11807.94114986906,10161.909624875629,8948.731478977581,12353.302106231138,12915.97559911686,7337.342116955287,10848.950907131555,8365.633370330681,5854.606290791581,13819.161221516933,6352.152592340073,9629.316033623007,14635.940540312451,11308.1433419819,15397.302953604441,13007.666367245834,7761.3450998725275,9894.314332271993,16185.218788902683,12455.431657903828,16872.02725419751,9479.759698059377,14614.953867021786,17696.144882544733,8119.551160299004,12031.370182836687,8701.30129630094,18472.216547177602,15246.846607776233,19192.789947790076,10056.835929841736,11149.385229277746,13358.363342031394,15772.329366197906,18622.672753021605,11926.144934550239,15257.586060604392,17984.82705372078,12326.35231156707,15199.970306123238,12944.02512176999,17335.702937167713,12725.10309522748,16115.170748501918,14675.856966657955,10613.210675292978,13807.055602524846,23971.314771931156
5459.080125996493,3333.542703455036,4400.697145090412,2346.72493165955,3570.399123869718,1092.873199611362,3418.0799877770837,0.0,1182.804533850968,3970.805321109186,2158.993442261911,4663.105326902958,3150.9921040585637,5143.325053766725,4232.767311328642,7144.800701794005,6232.6915649936145,5350.938105288121,9172.907854931467,11324.712304140961,6498.914192218332,7153.99464871472,8262.773165382629,9719.489967970489,14283.419935769707,14820.189320958716,13015.772562451166,11745.50176887303,15485.714901001755,16137.274301515883,10017.753141473288,13945.828156104824,11360.63165486652,8366.380489392941,17124.651770865617,9158.038353760809,12839.880411585937,17986.8367766499,14605.323669474506,18780.705114628443,16378.533189432512,11063.24229497384,13258.408660817318,19592.220491026692,15863.053865334834,20288.525896249135,12884.673296584577,18031.59895298386,21113.77269000174,11536.387220158696,15448.521455689697,12116.587323960921,21884.37272067027,18658.26040365813,22595.747646675092,13452.596337070325,14523.630316160103,16738.874460997115,19152.268675478692,22003.457052648017,15259.500415210778,18596.50714192997,21320.91990322352,15597.125873314119,18483.722506776034,16168.446012325732,20613.59304848666,15867.009939100852,19338.48758584658,17825.820074272575,13601.239880437479,16986.817890790888,20800.81591972292
6307.055566438048,4381.9140475506965,5163.403856867777,3514.1413689326537,4136.725884435786,2258.3402596594806,3611.7603227567442,1182.804533850968,0.0,3668.4871849288184,978.523068463056,4103.529957730825,1986.7105460399316,4317.776098670242,3050.2785442574946,6385.49714569156,5222.165869475495,4170.134309877715,8436.150398416481,10629.270761737416,5324.848827753279,6059.9403442737075,7294.986701733222,8887.523809028591,14874.82373753747,15350.952359122188,13623.771352207015,12374.27251893314,15941.329372482156,16524.329244618744,10684.070743893843,14423.468331991811,11892.15126536853,9077.060471677536,17427.83112305644,9767.251099386523,13234.048649300437,18229.153793523375,14918.706657806866,18963.772845531214,16589.024309361423,11372.600060714105,13484.639192773986,19708.590843575574,15983.14534792541,20350.234946197073,13021.72167284233,18095.64900146872,21123.805317250662,11618.019876795539,15463.980990703689,12128.315598304054,21846.880555319847,18623.501274806542,22518.686867582677,13382.29176048353,14400.442984214362,16618.58942090776,19023.040218326005,21869.11174966586,15067.475915113731,18398.508266638437,21110.861615886934,15329.21474026481,18216.714278340587,15852.491192993411,20332.96581242432,15484.715853504758,19007.5239116875,17439.430861854053,14143.07112837864,16628.16318022022,20360.557544343254
5211.932324938839,4781.948231983887,4059.940366665121,5012.139180174152,2837.823169958561,4281.660756950236,1568.817261394016,3970.805321109186,3668.4871849288184,0.0,3785.6419154312503,1111.8076026874387,4373.6739830601,2343.104725120243,4584.8297678450335,3693.4567649264754,3976.825570332096,5063.690961973189,5542.242173346527,7565.296432562466,5704.583606666076,5261.562218936727,5449.192576081988,6301.55927178309,12195.733148966767,12509.351945364777,11023.070541613783,9875.658284170402,12921.5744176895,13362.520013594376,8381.634173083688,11478.544888541424,9147.242228788033,7041.7985925482135,14116.585335501166,7348.3395852686135,10139.183314650541,14826.237875776103,11649.609367160314,15485.840867629615,13156.33671398123,8161.812089086082,10101.832738052368,16162.027899920264,12454.554497460267,16759.049009940816,9531.801125388276,14511.42637784017,17499.689957717826,8083.627748938756,11854.078413052028,8529.947066235613,18200.605424532932,14981.337198201143,18859.76714348568,9734.104220186144,10736.201286588184,12953.605343375302,15356.147331199818,18201.34737418063,11399.895918886888,14732.28981263074,17447.05595823198,11678.519030482108,14567.254208463883,12223.916106829185,16689.710437206122,11900.706535721512,15389.150318275451,13859.420928147369,11355.159041882,13026.756907723784,23704.170390644278
7131.036813870817,5319.3660825133165,5953.227411676333,4492.102526952385,4840.20520140272,3236.644355525704,4110.946143401634,2158.993442261911,978.523068463056,3785.6419154312503,0.0,3950.4928361438115,1024.4019842138691,3864.3113524374508,2074.904591025937,5946.858293449459,4515.153389897166,3207.754588985899,7990.3914653035645,10204.574902711247,4377.1920799689315,5232.710487075835,6613.508819013967,8339.737974411395,15487.936602384856,15918.858730546272,14252.750985274839,13022.521663272228,16452.176753502892,16982.05856481652,11365.702397947856,14955.71471882907,12474.21933903143,9797.10000963955,17818.89964421805,10415.51480526206,13709.7051840664,18570.752967838827,15326.254285804758,19256.859400788562,16910.92721592991,11795.587046928342,13831.896047586173,19946.735120293302,16236.056986633792,20542.851643422386,13302.061362098446,18296.391602874137,21272.660865365968,11863.807741864211,15635.098772533058,12314.603084551227,21955.228663931288,18742.34823237685,22592.99778658218,13493.824198465769,14462.717835562064,16673.578521941134,19062.60600082986,21897.22727719392,15068.846792723574,18382.26135466382,21077.122560385847,15264.873232485676,18142.41833318945,15744.568164346969,20241.1049840905,15320.54043832674,18875.899791025546,17264.393578841144,14722.998177900245,16480.16828573845,19956.23692470007
6296.5301861099915,5867.023442220728,5161.1728520188635,5998.708405646029,3948.4991261314312,5151.73058127844,2680.563664059766,4663.105326902958,4103.529957730825,1111.8076026874387,3950.4928361438115,0.0,4291.306388716532,1313.2143232061828,4211.76257598867,2635.7261858715533,2949.438573827262,4448.733611522479,4572.642573167386,6677.358385129802,4907.870014614601,4249.538855227297,4337.47886621153,5260.567963207501,12842.055781876825,13085.093513148708,11710.973700080467,10613.32659555463,13407.710833715339,13764.775236709573,9202.5110570049,12016.131622499857,9804.153047042266,7955.433078889259,14412.784578585275,8154.105401997354,10613.269387736167,15044.107016866203,11996.158167807542,15628.80318333355,13357.744362915133,8595.37207621463,10376.241438929723,16222.42649527677,12557.927048549174,16752.387365904975,9708.128686318296,14525.232234580128,17429.50591546393,8225.988799879193,11837.965898875633,8566.665524526317,18073.005229515642,14875.470871850892,18684.873325755765,9639.110826086653,10560.167895219998,12760.966987154594,15137.834817959822,17964.815175746506,11131.257470555804,14436.995879544504,17128.063817950682,11314.38843950465,14192.389057432023,11799.20031768844,16293.514324127627,11397.458335890236,14938.961481747918,13348.547911125237,11965.599405117626,12549.292367697151,23591.494439113325
8121.267240923908,6343.737894716452,6931.307153573445,5495.484628962783,5783.248575509883,4239.22941894187,4952.337895493749,3150.9921040585637,1986.7105460399316,4373.6739830601,1024.4019842138691,4291.306388716532,0.0,3879.6349293196135,1168.0332908315347,5894.136547859082,4142.500160865028,2336.069961654445,7887.681391545446,10100.908154705268,3533.4734068101775,4635.499314548899,6222.973897336904,8104.873043918681,16335.865568465584,16732.916863594342,15113.993072551199,13899.345408075924,17221.704020216956,17708.43628390267,12268.048378478326,15744.677378735694,13305.869839176765,10726.85845060567,18488.752374451135,11298.473333340893,14457.986137805878,19197.03684029541,16015.471973618787,19839.472296784046,17523.883179004108,12508.858977320573,14475.461200018743,20478.880058043258,16790.318721590284,21032.22078570243,13890.507557580322,18798.11893148621,21719.868773394785,12428.937318705934,16117.29088071727,12824.62659078504,22362.777917310585,19166.75746908119,22966.660175431665,13929.368297707359,14847.279066454965,17042.850271365936,19410.01668265685,22227.11201932956,15391.763659354488,18676.484630695213,21347.201937083584,15521.521413602926,18378.925609422615,15954.892560239681,20454.090300441625,15474.16263680696,19051.352007434863,17399.27374977288,15548.114489752748,16646.186529654628,19346.371950250374
7553.758366031544,6907.907177105675,6390.866168038848,6839.173074400754,5146.847012831935,5839.604163998565,3877.703690706651,5143.325053766725,4317.776098670242,2343.104725120243,3864.3113524374508,1313.2143232061828,3879.6349293196135,0.0,3460.7949745457604,2084.7465741273686,1641.1018618714656,3410.4655336917976,4134.206754009306,6343.778109633045,3687.223240153864,2938.24499980028,3253.9395620864034,4582.556096391703,14064.799771083372,14270.19600089117,12955.366349704313,11880.209109314117,14538.722869397787,14839.210686064695,10498.09097091936,13182.489961498948,11039.156206522237,9267.648819113801,15407.537132117957,9447.20788722407,11747.151062834078,15974.298575802753,13038.65512317991,16493.40891129146,14282.015612627336,9716.233556140352,11375.692040016062,17010.639879842056,13403.739780867614,17475.078253335345,10637.257357682363,15278.019923084894,18086.71156759061,9144.40190325244,12580.230282993465,9391.85340177,18668.650996559314,15508.770887092809,19227.890483107058,10327.75762375502,11155.654285602335,13317.819792460949,15650.465327205966,18443.05877733363,11620.19293319666,14867.443162308193,17515.58195807125,11690.838643903859,14530.452846962471,12096.36884019661,16592.35205173641,11597.855689874812,15178.096720193844,13520.114730803212,13172.111644786693,12771.84109594439,22874.26603432287
8893.140829984693,7297.722020229182,7679.743551060396,6555.510323292761,6467.628463014805,5303.189782237697,5480.238641677854,4232.767311328642,3050.2785442574946,4584.8297678450335,2074.904591025937,4211.76257598867,1168.0332908315347,3460.7949745457604,0.0,5297.0762751893635,3291.3666665018304,1168.0366708278202,7195.54413672651,9381.136933552563,2365.8475847161817,3575.028847146996,5296.570924685031,7286.134339334603,16754.69640174971,17090.377225111577,15561.710003114229,14381.352421535923,17502.991477116444,17919.65893719617,12807.705129903068,16063.352805404971,13708.296151873925,11332.085556951772,18612.25877623327,11805.761637646723,14716.793602266473,19255.573594632213,16176.888617728273,19835.38410990455,17569.491985151548,12725.348963022516,14578.06135146812,20405.260586775516,16758.85317928586,20901.56544983717,13919.866533261624,18690.149634040656,21534.237327813342,12436.91985000306,15995.052270487942,12757.356858964484,22126.854917212087,18960.410328316237,22688.675300691015,13760.622667126347,14611.108723161615,16777.90121128029,19110.678320943083,21899.587127399143,15080.106594392804,18318.27761754737,20953.93549533528,15133.913804650423,17957.296429396763,15514.22757184514,20000.482958704804,14975.011590598775,18561.65823863103,16872.561939007777,15929.082251343509,16155.020669135456,19431.33695443488
8629.275674897506,8475.024956878673,7584.55503278705,8630.933408765042,6451.276583634813,7741.822125183536,5220.254726955945,7144.800701794005,6385.49714569156,3693.4567649264754,5946.858293449459,2635.7261858715533,5894.136547859082,2084.7465741273686,5297.0762751893635,0.0,2274.2219111557465,4909.7688170258225,2051.7785471176153,4259.04455268137,4707.518430926313,3199.470147676283,2142.2715869624826,2626.070392889877,13812.68305088271,13872.137275670424,12815.264540979857,11874.258428452338,13964.13151610969,14106.245486099238,10717.861612070894,12737.115767890873,10891.983716511339,9748.751362685152,14480.676182485158,9670.563600024232,11227.188080530552,14908.937837525511,12253.011919257071,15302.307131604028,13224.654083047742,9209.796950207907,10522.897091841292,15688.984127897833,12215.060226026331,16052.430159909853,9654.661777806177,13917.52504943252,16571.384360024684,8184.187183054049,11236.50943686447,8251.348014474093,17074.01657685591,13981.097925891523,17570.78710515067,8945.946502250845,9631.291560398466,11717.38536585077,13980.45545264561,16721.91663551979,9962.863729790886,13119.234693671831,15713.769026331463,9918.645317138684,12701.557484966213,10251.08285942228,14722.117173730554,9683.72996643467,13270.495911395785,11575.676457540734,12868.465965010866,10865.139673126088,24487.05755462543
9179.478524573145,8398.017833501193,8004.600047025253,8176.81323773412,6749.140069346145,7076.76905107981,5487.863059138548,6232.6915649936145,5222.165869475495,3976.825570332096,4515.153389897166,2949.438573827262,4142.500160865028,1641.1018618714656,3291.3666665018304,2274.2219111557465,0.0,2689.703049656151,3956.0590184749744,6108.40948166982,2449.3399798847217,1301.8921870584873,2100.3145696761253,3995.9002337385114,15544.653463021657,15699.864379753151,14466.769670481957,13424.885397905433,15898.352167692838,16126.834462612427,12087.980624626347,14591.286830515448,12542.38916296042,10892.708188405984,16594.14201829659,11034.368158653446,13121.351327181232,17078.80442376145,14295.401269964646,17514.76766179996,15388.552699881113,11086.700393164609,12592.045481730212,17935.50012497749,14422.06658063034,18316.918822737636,11778.517015795494,16170.38907853897,18844.58358703238,10291.387477073646,13482.792816633526,10430.615326217605,19347.39585863876,16254.410731907732,19838.54506580506,11196.080810452875,11902.77565987541,13991.346276417169,16248.067839566682,18978.326430089353,12234.341480639814,15371.893538404333,17945.201251439237,12169.34047356841,14925.506501996233,12472.747611875673,16919.79735506867,11864.55264869065,15444.925872750271,13722.640782237355,14632.486834284337,13047.196345601165,22227.57413364889
9744.21056523176,8306.574092156125,8523.063008298635,7647.075010902466,7276.204932124676,6403.533482270294,6186.198803837822,5350.938105288121,4170.134309877715,5063.690961973189,3207.754588985899,4448.733611522479,2336.069961654445,3410.4655336917976,1168.0366708278202,4909.7688170258225,2689.703049656151,0.0,6638.134939931212,8758.525082974256,1199.0126984794526,2608.143986979033,4484.477745646793,6573.824673120404,17242.6215282555,17518.569557256684,16081.966175927491,14939.329521963922,17856.403068903866,18203.528099222953,13427.522800159619,16458.93456109824,14195.681004945392,12020.631272306538,18807.636395460864,12402.63127142023,15061.986374998301,19384.447450653675,16420.014783916075,19899.976397139442,17692.26940097833,13043.243689385557,14772.593760398675,20398.372079671775,16808.696664629315,20835.675046566328,14046.633577633675,18654.8354560948,21410.811321614627,12554.05111119419,15957.602580427669,12796.796076110011,21950.634703380092,18824.412132912075,22468.050074584073,13689.810078298335,14465.684540621865,16591.140219762794,18878.984524172833,21630.258673864413,14854.008377595686,18028.76175035798,20619.421524606063,14828.411304892823,17603.204548921236,15150.994280441584,19606.05927068345,14552.695072861448,18134.084450481114,16412.21100549499,16384.634451357404,15735.392143703006,19585.709980071013
10095.595080065961,10264.315698397022,9161.894417333528,10548.259073716912,8134.792613726438,9722.999948612643,6975.189319437637,9172.907854931467,8436.150398416481,5542.242173346527,7990.3914653035645,4572.642573167386,7887.681391545446,4134.206754009306,7195.54413672651,2051.7785471176153,3956.0590184749744,6638.134939931212,0.0,2217.2961262307094,6170.537667934531,4416.1465828248365,2568.692439729193,1094.2006736358576,14005.529484053683,13917.460709503006,13140.845751315605,12352.556008740901,13825.480477357363,13796.405548910374,11437.28281349367,12760.920425649898,11266.472173303635,10724.964494659896,13951.032531283121,10429.98958834968,11217.791501010153,14215.53823749707,11929.260594211557,14457.655469211495,12571.957782448688,9294.68543469218,10178.486494662697,14684.956771393869,11430.727922267688,14922.402759298071,9195.369190685597,12891.856828768674,15322.48380152466,7824.043338074355,10285.95685647464,7669.180007318582,15722.146634345994,12745.895520313263,16136.620931467214,8020.267782518679,8488.853097543544,10422.311404187452,12560.55973410332,15211.389537412395,8625.535617618127,11603.214578689523,14103.060748472015,8414.649962168542,11076.529955745911,8630.730388758564,13023.195689345026,7962.58850690441,11526.682914204164,9787.461719528961,13032.122492476597,9142.184533117146,26057.336047114793
11695.633866456388,12161.768649868594,10881.94177296526,12569.608871061613,9969.019393642448,11816.609722507284,8893.728630642132,11324.712304140961,10629.270761737416,7565.296432562466,10204.574902711247,6677.358385129802,10100.908154705268,6343.778109633045,9381.136933552563,4259.04455268137,6108.40948166982,8758.525082974256,2217.2961262307094,0.0,8173.577966833809,6374.614417565223,4407.938019662535,2268.4174125607306,14245.811851983563,14002.247531793499,13542.620725956796,12934.177898538941,13713.322832032072,13496.85562597796,12289.457429380416,12853.224413393822,11775.388076716878,11849.43921400974,13402.384598835197,11354.056207461474,11325.044120534003,13475.608632625304,11667.570847630279,13539.967327687398,11918.803543626496,9587.614933905052,9961.551602710688,13579.69491645501,10659.650752316102,13667.696053797803,8897.768560441884,11796.793712049903,13924.836077127455,7728.264740432132,9357.57104874332,7329.7644558732945,14201.33884013523,11405.51316681194,14517.74049054584,7237.131234818799,7401.810762067835,9064.606443722561,11002.454577937862,13514.085638332124,7277.455859226793,9944.827571554879,12301.1227137049,6852.238853311957,9293.069458943688,6904.161619251873,11129.24693665598,6117.072824775103,9594.11335059679,7820.4469344647905,13266.13566482898,7267.899003291318,27986.293256083107
10633.024759237816,9346.797134317698,9413.922926362015,8764.141444768065,8149.120959939019,7532.479367725771,6988.229043502512,6498.914192218332,5324.848827753279,5704.583606666076,4377.1920799689315,4907.870014614601,3533.4734068101775,3687.223240153864,2365.8475847161817,4707.518430926313,2449.3399798847217,1199.0126984794526,6170.537667934531,8173.577966833809,0.0,1803.6139748714095,3778.2972794606876,5924.584291010633,17742.013954430833,17957.148277711254,16618.294697016852,15518.155814067915,18218.552497704906,18494.156017656558,14074.638171436825,16869.37619966784,14708.837724556573,12742.224692655687,19006.206361351487,13033.62826097819,15429.137042929282,19513.11722553069,16677.456007062472,19961.08431292723,17821.620184741936,13396.326266374424,14990.177785435179,20384.45346077998,16867.773819617694,20759.625820187688,14200.479950213878,18618.208105727983,21273.64051219343,12709.889295340643,15931.637088495954,12871.566754000989,21757.340367655186,18683.275590317528,22227.389555252583,13644.197268285825,14337.290028285595,16407.398490679927,18638.452010401183,21341.492538795577,14639.064150341834,17731.424784017912,20265.93793303136,14530.411028129116,17240.12915250916,14790.295459209725,19193.31649237323,14132.959705885563,17691.807233718722,15942.521625286443,16855.290865246207,15311.997910309941,19888.641177346144
10449.015105602917,9558.854468158435,9263.527124914193,9231.621920146888,8000.754119181004,8077.195540417571,6749.382908950081,7153.99464871472,6059.9403442737075,5261.562218936727,5232.710487075835,4249.538855227297,4635.499314548899,2938.24499980028,3575.028847146996,3199.470147676283,1301.8921870584873,2608.143986979033,4416.1465828248365,6374.614417565223,1803.6139748714095,0.0,1974.7025587720473,4121.53367007022,16789.473564305466,16919.085685478818,15727.498217709584,14700.970696913704,17079.791715848387,17267.47575788715,13381.605600316563,15801.06396945088,13801.060015987323,12194.47628625452,17674.599009949427,12327.45088207493,14315.606261515162,18108.11116706181,15422.612561661666,18490.829475013175,16424.112823070627,12284.007891409696,13701.779989345347,18848.268345511682,15407.22487205175,19173.810339970194,12849.130398827789,17068.48776391443,19643.26507097332,11373.55370550812,14400.37929294756,11450.589224758987,20090.149199571828,17055.451038731746,20532.1890019859,12108.083928920645,12732.403232707013,14756.884723804193,16948.449085839446,19622.250816190728,12973.91020166885,16012.642942543958,18518.504583745147,12817.649632132201,15491.97956639856,13046.870605321094,17424.68346223983,12367.238874440187,15914.989612402274,14159.342812514056,15868.54099327307,13543.440818435729,21650.389022652955
10589.238299713463,10148.20592010655,9484.971659627128,10083.454243436512,8285.398412834644,9045.702194689473,7018.007098944016,8262.773165382629,7294.986701733222,5449.192576081988,6613.508819013967,4337.47886621153,6222.973897336904,3253.9395620864034,5296.570924685031,2142.2715869624826,2100.3145696761253,4484.477745646793,2568.692439729193,4407.938019662535,3778.2972794606876,1974.7025587720473,0.0,2147.884453335092,15904.896896340952,15928.584278247847,14930.326608996522,14007.267198854552,15963.294537834703,16039.571079116507,12859.878456144494,14784.811076092978,13010.950792180789,11870.666676656081,16311.464818789576,11812.084570715799,13260.46542280267,16649.2147000567,14174.864088633276,16946.838917200734,14984.7319010466,11261.866168040291,12428.772768709228,17218.438179870784,13892.271060289964,17479.226314857082,11502.844997674896,15427.729871210931,17890.2700361675,10068.733644518174,12797.618852071606,10027.438974247536,18289.05308467249,15312.144875412923,18694.578346438284,10516.023911277905,11038.825402181144,12990.50091237992,15123.11473186498,17754.773851292997,11194.162721614759,14150.538460195487,16615.48372521608,10970.974444554602,13590.941106149245,11156.047001088526,15494.65487894709,10445.669013686867,13974.94204163848,12211.613323269004,14952.385625525056,11616.463426400587,23588.854756405308
11052.509660626754,11074.21700570419,10076.027007187919,11257.003737055751,8998.952518484379,10356.379441947867,7798.0671541675965,9719.489967970489,8887.523809028591,6301.55927178309,8339.737974411395,5260.567963207501,8104.873043918681,4582.556096391703,7286.134339334603,2626.070392889877,3995.9002337385114,6573.824673120404,1094.2006736358576,2268.4174125607306,5924.584291010633,4121.53367007022,2147.884453335092,0.0,15084.97460544439,14982.036443009543,14229.891659349832,13446.532328394547,14864.284406668414,14803.689275581542,12525.912776349564,13824.761301246916,12358.624278220806,11789.705377870945,14906.04837727741,11515.265345974029,12280.692752322162,15122.058047005708,12939.29698013151,15311.744952514375,13497.545093366072,10372.00263378825,11191.28525637813,15475.046596996131,12320.432477432341,15654.341480393974,10189.074148332911,13681.249188208538,15991.95090951854,8847.139763261948,11123.109688680162,8645.594755442651,16331.0490186526,13435.973625322717,16691.88949283183,8888.421482672038,9261.65366489568,11097.072959943396,13143.904651026085,15718.115468832288,9295.610428314052,12127.840573620742,14538.392335972043,8981.274310424327,11520.69401447045,9105.277650566544,13387.418028208473,8355.92176578762,11857.49189394735,10086.73596635851,14110.111071342184,9517.334143441329,25717.890757730824
9070.839392324666,11519.969446387742,9923.874427077388,12925.025695740274,10752.696150284568,13574.504316154604,11387.320594572588,14283.419935769707,14874.82373753747,12195.733148966767,15487.936602384856,12842.055781876825,16335.865568465584,14064.799771083372,16754.69640174971,13812.68305088271,15544.653463021657,17242.6215282555,14005.529484053683,14245.811851983563,17742.013954430833,16789.473564305466,15904.896896340952,15084.97460544439,0.0,1001.3338963079788,1280.4364751284306,2568.036612002118,2246.322050566621,3414.5644271382575,4330.275648135822,1600.2531312573913,3048.4914685407202,6019.231563326404,4978.2255490756015,5125.410753305845,2964.1735681376413,6230.1639740439105,3741.3546939389153,7438.249120735965,5647.8295895622705,4714.046782309815,4758.013951190276,8759.251821435317,6520.272930443118,9879.20822348153,5793.575377898122,8314.037348431708,11077.48881598529,6579.960904487227,7630.9731096482765,7187.35328219209,12203.976689836614,9875.220941340478,13208.24413194652,8123.214390825351,8969.31943376088,9822.162109039,11322.453538025367,13408.06744572762,10027.087986843815,11805.094107797142,13798.952503235456,11063.300224799921,12580.588981061594,11901.059236954205,14153.727247166926,12551.972954810688,13913.160553520454,13660.830330920699,980.5178719908565,12841.746446458252,35057.024961142626
9730.975427958887,12175.925868458624,10511.49182000913,13575.064339757551,11261.704688783597,14160.998127746076,11807.94114986906,14820.189320958716,15350.952359122188,12509.351945364777,15918.858730546272,13085.093513148708,16732.916863594342,14270.19600089117,17090.377225111577,13872.137275670424,15699.864379753151,17518.569557256684,13917.460709503006,14002.247531793499,17957.148277711254,16919.085685478818,15928.584278247847,14982.036443009543,1001.3338963079788,0.0,2058.502791050003,3288.2590854586615,1246.2095621457004,2415.7771234906063,5021.316592107944,1157.6477779131844,3461.9504304365973,6692.297646473651,3979.6237346633548,5700.401072130011,2701.97572138015,5231.415424893963,2955.4566982912543,6440.753013285763,4713.514779173294,4666.793888210081,4227.160900283144,7764.95903425756,5666.93148535593,8888.15968834825,5304.720307534088,7368.754029028499,10088.621592288255,6276.597024930276,6857.193281302968,6787.580083724508,11217.759925094058,8949.18065267673,12224.165154600187,7567.440681717478,8324.404490649538,9018.961556587512,10420.308565939506,12446.258114579623,9348.988334803971,10952.380787085327,12875.700021103687,10392.543926481272,11764.06823088769,11216.437368504769,13276.342209943426,11913.03507418423,13096.467425842873,12927.888359500683,1223.6804278261252,12133.612805305402,35618.89886908337
7790.44622311192,10239.612087792493,8648.688301803404,11644.614514219551,9495.152264272174,12298.067810876582,10161.909624875629,13015.772562451166,13623.771352207015,11023.070541613783,14252.750985274839,11710.973700080467,15113.993072551199,12955.366349704313,15561.710003114229,12815.264540979857,14466.769670481957,16081.966175927491,13140.845751315605,13542.620725956796,16618.294697016852,15727.498217709584,14930.326608996522,14229.891659349832,1280.4364751284306,2058.502791050003,0.0,1287.6197289650697,3177.436096487428,4280.000243408263,3049.922448495677,1912.6379309681317,1927.5584806336149,4738.821732968898,5803.197602143789,3861.094650738852,2647.5379223145123,7038.207099301769,4063.0135646790773,8219.729477109355,6190.105709450891,3958.7679481992386,4613.041389031321,9501.272407535922,6844.953563191776,10589.891912611656,5536.079086878704,8841.812265713248,11767.070108464202,6048.964345347474,7771.112895502535,6762.218011320083,12872.00323681923,10327.397922473681,13859.838137462748,7893.222966019817,8861.0303297742,9984.353379709699,11695.741334643057,13956.727166021941,9957.816457673596,12053.470604190212,14215.980307992157,10969.467322839966,12743.861442768162,11822.27188708851,14445.308333584931,12391.756696864379,14067.851240364773,13653.193168398304,1030.812595884727,12795.648459795122,33781.66687399635
6502.827364528243,8952.0040165802,7369.375021454249,10356.995810841816,8240.035805865531,11016.382398057629,8948.731478977581,11745.50176887303,12374.27251893314,9875.658284170402,13022.521663272228,10613.32659555463,13899.345408075924,11880.209109314117,14381.352421535923,11874.258428452338,13424.885397905433,14939.329521963922,12352.556008740901,12934.177898538941,15518.155814067915,14700.970696913704,14007.267198854552,13446.532328394547,2568.036612002118,3288.2590854586615,1287.6197289650697,0.0,4303.189099842255,5327.061740128044,1762.3399094044207,2846.0888238586626,1198.562317714617,3451.2022633775127,6783.073429950961,2608.382685392871,2929.6004288698623,7982.936538927448,4734.34451864402,9126.861863180378,6941.651473030235,3530.043845066318,4828.398899975585,10361.246058642864,7392.77428655159,11412.782256806628,5579.615087885339,9526.070138470706,12562.04450874529,5767.8654516439465,8125.31733600026,6572.859503908108,13640.193964284223,10924.177334915881,14607.247345380127,7878.031980828764,8947.68895448325,10316.081045361836,12204.855131195582,14609.68972880727,10063.446436085651,12441.336403241396,14745.001765603569,11035.287554628194,13043.11420765737,11892.478826417893,14853.917591445921,12373.042787309463,14347.220278179066,13776.102352339212,2118.1404226834375,12888.142776321502,32500.54515125549
10570.570029019054,12995.222308021832,11262.163553262317,14380.827788898963,11915.32207651354,14888.802938053856,12353.302106231138,15485.714901001755,15941.329372482156,12921.5744176895,16452.176753502892,13407.710833715339,17221.704020216956,14538.722869397787,17502.991477116444,13964.13151610969,15898.352167692838,17856.403068903866,13825.480477357363,13713.322832032072,18218.552497704906,17079.791715848387,15963.294537834703,14864.284406668414,2246.322050566621,1246.2095621457004,3177.436096487428,4303.189099842255,0.0,1170.0078318236501,5956.589439499843,1559.510534961081,4200.237510456574,7578.558952597,2733.6558296658836,6503.360321061126,2794.5168164903453,3985.3258958116103,2158.302074422529,5195.140503770006,3561.9210020344394,4822.556277439172,3757.4504507911547,6521.396021316684,4633.861549899277,7647.176201159947,4837.766673313347,6185.527694684479,8849.406827018962,6028.388375838195,5927.8946378874725,6393.430776112258,9980.840570121512,7787.669427972771,10989.126235090585,6939.682741606011,7559.959473551849,8026.154923808702,9286.772356476935,11235.380431932052,8526.990095739524,9882.821327815172,11710.965733497043,9571.67141960305,10739.820275940347,10371.139589160264,12168.887669148256,11124.400342566292,12067.847435437205,12009.688701194898,2191.755896354106,11251.785686045163,36276.516990184275
