Total time: 41.88902475
Model definition time: 17.593631248
Model solving time: 23.188270956999997
Days: 31
Turbines: 12
PP_cost: 75
e_price: 0
Fuel price: 0.25
Day_start: 1
Forecast: EWMA
Crews: 2
CTVs: 1
naive_method_quarters: 0
naive_method_startday: 5
Year: 2021
Price_quantile: 0
Comment: comment
Timestamp: 2024-07-09T08:01:39.399
