Total time: 39.943683125
Model definition time: 15.979543791000003
Model solving time: 23.097674623999996
Days: 31
Turbines: 12
PP_cost: 75
e_price: 0
Fuel price: 0.25
Day_start: 1
Forecast: EWMA
Crews: 2
CTVs: 1
naive_method_quarters: 0
naive_method_startday: 5
Year: 2021
Price_quantile: 0
Comment: comment
Timestamp: 2024-07-10T08:00:27.002
