Total time: 44.74614075
Model definition time: 17.850123543
Model solving time: 25.902765586000005
Days: 31
Turbines: 12
PP_cost: 175
e_price: 0
Fuel price: 0.25
Day_start: 1
Forecast: EWMA
Crews: 2
CTVs: 1
naive_method_quarters: 0
naive_method_startday: 5
Year: 2021
Price_quantile: 0
Comment: comment
Timestamp: 2024-07-09T08:19:04.918
